-4905.407849
-4409.509592
-2686.574311
-1217.158447
-322.871547
90.769355
208.267340
184.173297
115.945089
52.224064
9.855616
-11.002154
-16.630271
-14.063505
-8.653713
-3.545622
-0.057559
1.664207
2.045213
1.661042
1.003401
0.391721
-0.024733
-0.221944
-0.246499
-0.169661
-0.057219
0.045094
0.114396
0.146456
0.148696
0.133336
0.112276
0.094195
0.083639
0.081487
0.086144
0.094876
0.104921
0.114199
0.121598
0.126920
0.130631
0.133526
0.136427
0.139976
0.144532
0.150173
0.156763
0.164052
0.171780
0.179750
0.187869
0.196153
0.204706
0.213681
0.223242
0.233531
0.244646
0.256644
0.269543
0.283342
0.298042
0.313657
0.330229
0.347827
0.366543
0.386480
0.407741
0.430418
0.454579
0.480265
0.507489
0.536232
0.566447
0.598053
0.630935
0.664927
0.699806
0.735272
0.770937
0.806315
0.840822
0.873784
0.904460
0.932071
0.955845
0.975064
0.989110
0.997510
0.999975
0.996418
0.986964
0.971938
0.951842
0.927314
0.899087
0.867939
0.834642
0.799929
0.764458
0.728796
0.693411
0.658673
0.624868
0.592208
0.560847
0.530895
0.502425
0.475481
0.450073
0.426186
0.403773
0.382759
0.363052
0.344547
0.327142
0.310748
0.295302
0.280766
0.267130
0.254396
0.242561
0.231601
0.221453
0.212010
0.203124
0.194631
0.186382
0.178289
0.170353
0.162687
0.155505
0.149071
0.143622
0.139262
0.135866
0.133022
0.130043
0.126092
0.120412
0.112633
0.103103
0.093116
0.084908
0.081302
0.084918
0.097002
0.116083
0.136869
0.149975
0.143163
0.104640
0.028561
-0.077937
-0.187987
-0.251720
-0.200851
0.034133
0.490801
1.126466
1.763544
2.049496
1.467257
-0.553979
-4.372972
-9.679154
-14.868634
-16.407664
-8.559067
15.832142
62.417411
128.916035
193.949625
201.217088
42.941503
-444.608083
-1442.594008
-3002.771664
-4665.052238
-4604.798685
